Starting State(L1/L2/L3/L4/L5/L6/L7/L8/L9):L1
Ending state(L1/L2/L3/L4/L5/L6/L7/L8/L9):L9
Iteration: 0
Iteration: 100
Iteration: 200
Iteration: 300
Iteration: 400
Iteration: 500
Iteration: 600
Iteration: 700
Iteration: 800
Iteration: 900
Q_Table: 
 [[   0.          713.54767911    0.            0.            0.
  1265.41967806    0.            0.            0.        ]
 [ 950.06378323    0.          950.06470448    0.            0.
     0.            0.            0.            0.        ]
 [   0.          713.5457376     0.         1265.41775541    0.
  1265.41968671    0.            0.            0.        ]
 [   0.            0.          950.06454939    0.         1685.89420255
     0.         1685.89048825    0.            0.        ]
 [   0.          713.54851966    0.            0.            0.
  1265.41968694    0.         2246.52560681    0.        ]
 [   0.            0.          950.06476416    0.            0.
     0.         1685.89291604    0.            0.        ]
 [   0.            0.            0.         1265.4016078     0.
     0.            0.         2246.52560527    0.        ]
 [   0.            0.          950.06356102    0.         1685.89418757
     0.         1685.89395865    0.         2994.03414265]
 [   0.          713.53988154    0.         1265.42044902    0.
     0.            0.         2246.52560698 3994.09242893]]

Route: 
['L1', 'L6', 'L7', 'L8', 'L9']