Reward Matrix: 

[-100. -100. -100. -100. -100.  100. -100. -100. -100. -100. -100.]
[-100.   -1.   -1.   -1.   -1.   -1.   -1.   -1.   -1.   -1. -100.]
[-100.   -1. -100. -100. -100. -100. -100.   -1. -100.   -1. -100.]
[-100.   -1.   -1.   -1.   -1.   -1.   -1.   -1. -100.   -1. -100.]
[-100. -100. -100.   -1. -100. -100. -100.   -1. -100. -100. -100.]
[-1. -1. -1. -1. -1. -1. -1. -1. -1. -1. -1.]
[-100. -100. -100. -100. -100.   -1. -100. -100. -100. -100. -100.]
[-100.   -1.   -1.   -1.   -1.   -1.   -1.   -1.   -1.   -1. -100.]
[-100. -100. -100.   -1. -100. -100. -100.   -1. -100. -100. -100.]
[-1. -1. -1. -1. -1. -1. -1. -1. -1. -1. -1.]
[-100. -100. -100. -100. -100. -100. -100. -100. -100. -100. -100.]
Training complete!
[[3, 9], [2, 9], [1, 9], [1, 8], [1, 7], [1, 6], [1, 5], [0, 5]]
[[5, 0], [5, 1], [5, 2], [5, 3], [4, 3], [3, 3], [3, 4], [3, 5], [3, 6], [3, 7], [2, 7], [1, 7], [1, 6], [1, 5], [0, 5]]
[[9, 5], [9, 6], [9, 7], [8, 7], [7, 7], [7, 6], [7, 5], [6, 5], [5, 5], [5, 6], [5, 7], [4, 7], [3, 7], [2, 7], [1, 7], [1, 6], [1, 5], [0, 5]]
Shortest path from row 5 and colum 2:

[[0, 5], [1, 5], [1, 6], [1, 7], [2, 7], [3, 7], [3, 6], [3, 5], [3, 4], [3, 3], [4, 3], [5, 3], [5, 2]]